W85 H32
  0  0  0  0
  0  0  0  0
  0  0  0  0
  0  0  0  0
  0  0  0  0
  0  0  0  0
  0  0  0  0
  0  0  0  0
  0  0  0  0
  0  0  0  0
  0  0  0  0
  0  0  0  0
  0  0  0  0
  0  0  0  0
  0  0  0  0
  0  0  0  0
  0  0  0  0
  0  0  0  0
  0  0  0  0
  0  0  0  0
  0  0  0  0
  0  0  0  0
  0  0  0  0
  0  0  0  0
  0  0  0  0
  0  0  0  0
  0  0  0  0
  0  0  0  0
  0  0  0  0
  0  0  0  0
  0  0  0  0
  0  0  0  0
  0  0  0  0
  0  0  0  0
  0  0  0  0
  0  0  0  0
  0  0  0  0
  0  0  0  0
  0  0  0  0
  0  0  0  0
  0  0  0  0
  0  0  0  0
  0  0  0  0
  0  0  0  0
  0  0  0  0
  0  0  0  0
  0  0  0  0
  0  0  0  0
  0  0  0  0
  0  0  0  0
  0  0  0  0
  0  0  0  0
  0  0  0  0
  0  0  0  0
  0  0  0  0
  0  0  0  0
  0  0  0  0
  0  0  0  0
  0  0  0  0
  0  0  0  0
  0  0  0  0
  0  0  0  0
  0  0  0  0
  0  0  0  0
  0  0  0  0
  0  0  0  0
  0  0  0  0
  0  0  0  0
  0  0  0  0
  0  0  0  0
  0  0  0  0
  0  0  0  0
  0  0  0  0
  0  0  0  0
  0  0  0  0
  0  0  0  0
  0  0  0  0
  0  0  0  0
  0  0  0  0
  0  0  0  0
  0  0  0  0
  0  0  0  0
  0  0  0  0
  0  0  0  0
  0  0  0  0
  0  0  0  0
  0  0  0  0
  0  0  0  0
  0  0  0  0
  0  0  0  0
  0  0  0  0
  0  0  0  0
  0  0  0  0
  0  0  0  0
  0  0  0  0
  0  0  0  0
  0  0  0  0
  0  0  0  0
  0  0  0  0
  0  0  0  0
  0  0  0  0
  0  0  0  0
  0  0  0  0
  0  0  0  0
  0  0  0  0
  0  0  0  0
  0  0  0  0
  0  0  0  0
  0  0  0  0
  0  0  0  0
  0  0  0  0
  0  0  0  0
  0  0  0  0
  0  0  0  0
  0  0  0  0
  0  0  0  0
  0  0  0  0
  0  0  0  0
  0  0  0  0
  0  0  0  0
  0  0  0  0
  0  0  0  0
  0  0  0  0
  0  0  0  0
  0  0  0  0
  0  0  0  0
  0  0  0  0
  0  0  0  0
  0  0  0  0
  0  0  0  0
  0  0  0  0
  0  0  0  0
  0  0  0  0
  0  0  0  0
  0  0  0  0
  0  0  0  0
  0  0  0  0
  0  0  0  0
  0  0  0  0
  0  0  0  0
  0  0  0  0
  0  0  0  0
  0  0  0  0
  0  0  0  0
  0  0  0  0
  0  0  0  0
  0  0  0  0
  0  0  0  0
  0  0  0  0
  0  0  0  0
  0  0  0  0
  0  0  0  0
  0  0  0  0
  0  0  0  0
  0  0  0  0
  0  0  0  0
  0  0  0  0
  0  0  0  0
  0  0  0  0
  0  0  0  0
  0  0  0  0
  0  0  0  0
  0  0  0  0
  0  0  0  0
  0  0  0  0
  0  0  0  0
  0  0  0  0
  0  0  0  0
  0  0  0  0
  0  0  0  0
  0  0  0  0
  0  0  0  0
  0  0  0  0
  0  0  0  0
  0  0  0  0
  0  0  0  0
  0  0  0  0
  0  0  0  0
  0  0  0  0
  0  0  0  0
  0  0  0  0
  0  0  0  0
  0  0  0  0
  0  0  0  0
  0  0  0  0
  0  0  0  0
  0  0  0  0
  0  0  0  0
  0  0  0  0
  0  0  0  0
  0  0  0  0
  0  0  0  0
  0  0  0  0
  0  0  0  0
  0  0  0  0
  0  0  0  0
  0  0  0  0
  0  0  0  0
  0  0  0  0
  0  0  0  0
  0  0  0  0
  0  0  0  0
  0  0  0  0
  0  0  0  0
  0  0  0  0
  0  0  0  0
  0  0  0  0
  0  0  0  0
  0  0  0  0
  0  0  0  0
  0  0  0  0
  0  0  0  0
  0  0  0  0
  0  0  0  0
  0  0  0  0
  0  0  0  0
  0  0  0  0
  0  0  0  0
  0  0  0  0
  0  0  0  0
  0  0  0  0
  0  0  0  0
  0  0  0  0
  0  0  0  0
  0  0  0  0
  0  0  0  0
  0  0  0  0
  0  0  0  0
  0  0  0  0
  0  0  0  0
  0  0  0  0
  0  0  0  0
  0  0  0  0
  0  0  0  0
  0  0  0  0
  0  0  0  0
  0  0  0  0
  0  0  0  0
  0  0  0  0
  0  0  0  0
  0  0  0  0
  0  0  0  0
  0  0  0  0
  0  0  0  0
  0  0  0  0
  0  0  0  0
  0  0  0  0
  0  0  0  0
  0  0  0  0
  0  0  0  0
  0  0  0  0
  0  0  0  0
  0  0  0  0
  0  0  0  0
  0  0  0  0
  0  0  0  0
  0  0  0  0
  0  0  0  0
  0  0  0  0
  0  0  0  0
  0  0  0  0
  0  0  0  0
  0  0  0  0
  0  0  0  0
  0  0  0  0
  0  0  0  0
  0  0  0  0
  0  0  0  0
  0  0  0  0
  0  0  0  0
  0  0  0  0
  0  0  0  0
  0  0  0  0
  0  0  0  0
  0  0  0  0
  0  0  0  0
  0  0  0  0
  0  0  0  0
  0  0  0  0
  0  0  0  0
  0  0  0  0
  0  0  0  0
  0  0  0  0
  0  0  0  0
  0  0  0  0
  0  0  0  0
  0  0  0  0
  0  0  0  0
  0  0  0  0
  0  0  0  0
  0  0  0  0
  0  0  0  0
  0  0  0  0
  0  0  0  0
  0  0  0  0
  0  0  0  0
  0  0  0  0
  0  0  0  0
  0  0  0  0
  0  0  0  0
  0  0  0  0
  0  0  0  0
  0  0  0  0
  0  0  0  0
  0  0  0  0
  0  0  0  0
  0  0  0  0
  0  0  0  0
  0  0  0  0
  0  0  0  0
  0  0  0  0
  0  0  0  0
  0  0  0  0
  0  0  0  0
  0  0  0  0
  0  0  0  0
  0  0  0  0
  0  0  0  0
  0  0  0  0
  0  0  0  0
  0  0  0  0
  0  0  0  0
  0  0  0  0
  0  0  0  0
  0  0  0  0
  0  0  0  0
  0  0  0  0
  0  0  0  0
  0  0  0  0
  0  0  0  0
  0  0  0  0
  0  0  0  0
  0  0  0  0
  0  0  0  0
  0  0  0  0
  0  0  0  0
  0  0  0  0
  0  0  0  0
  0  0  0  0
  0  0  0  0
  0  0  0  0
  0  0  0  0
  0  0  0  0
  0  0  0  0
  0  0  0  0
  0  0  0  0
  0  0  0  0
  0  0  0  0
  0  0  0  0
  0  0  0  0
  0  0  0  0
  0  0  0  0
  0  0  0  0
  0  0  0  0
  0  0  0  0
  0  0  0  0
  0  0  0  0
  0  0  0  0
  0  0  0  0
  0  0  0  0
  0  0  0  0
  0  0  0  0
  0  0  0  0
  0  0  0  0
255255255  1
153153153  5
170170170  6
153153153  5
170170170  3
255255255  1
  0  0  0  0
  0  0  0  0
  0  0  0  0
  0  0  0  0
  0  0  0  0
  0  0  0  0
  0  0  0  0
  0  0  0  0
  0  0  0  0
  0  0  0  0
  0  0  0  0
  0  0  0  0
  0  0  0  0
  0  0  0  0
  0  0  0  0
  0  0  0  0
  0  0  0  0
  0  0  0  0
  0  0  0  0
  0  0  0  0
  0  0  0  0
  0  0  0  0
  0  0  0  0
  0  0  0  1
140130160 51
 93 40154186
 92 41160255
 96 48150255
 91 42157255
100 46160255
103 41152255
 89 46161255
101 47158244
 98 46155188
 94 15124119
 87 10122 50
153102153  5
  0  0  0  0
  0  0  0  0
  0  0  0  0
  0  0  0  0
  0  0  0  0
  0  0  0  0
  0  0  0  0
  0  0  0  0
  0  0  0  0
  0  0  0  0
  0  0  0  0
  0  0  0  0
  0  0  0  0
  0  0  0  0
  0  0  0  0
  0  0  0  0
  0  0  0  0
128128128  2
174184167151
154123154255
107 35147255
102 40153255
118 42143255
108 40141255
111 44150255
106 47141255
 97 53151255
106 49146255
101 61150255
101 23124255
 97 19123255
143116157253
178189170 96
255255255  1
  0  0  0  0
  0  0  0  0
  0  0  0  0
  0  0  0  0
  0  0  0  0
  0  0  0  0
  0  0  0  0
  0  0  0  0
  0  0  0  0
  0  0  0  0
  0  0  0  0
  0  0  0  0
  0  0  0  0
  0  0  0  0
128128128  2
123 92163166
115 63147255
 95115166255
 39226207255
 48218200255
 36193218255
 26202225255
 74153210255
103137211255
108129218255
101 83182255
104101190255
100 55146255
109 46151255
111 50143255
112 44129255
109 67131183
170170170  3
  0  0  0  0
  0  0  0  0
  0  0  0  0
  0  0  0  0
  0  0  0  0
  0  0  0  0
  0  0  0  0
  0  0  0  0
  0  0  0  0
  0  0  0  0
  0  0  0  0
  0  0  0  0
128128128  2
178177161163
125 78156255
101 40146255
 94 93169255
 25254221255
 36253218255
 13224251255
 11235253255
 75181231255
 98154231255
103141226255
 97 90183255
101102192255
102 56147255
109 57155255
101 37134255
 97 14122255
122 48145255
179185176154
  0  0  0  0
  0  0  0  0
  0  0  0  0
  0  0  0  0
  0  0  0  0
  0  0  0  0
  0  0  0  0
  0  0  0  0
  0  0  0  0
  0  0  0  0
  0  0  0  0
  0  0  0  0
139114169136
152117159255
 96121175255
 67128174255
 68163185255
 25247232255
 30248223255
 44197236255
 41197243255
 86159238255
100151230255
 95142222255
 99122202255
101125211255
110 72173255
102 70173255
101 55153255
 99 41141255
110 43136255
151120154255
128102128 10
  0  0  0  0
  0  0  0  0
  0  0  0  0
  0  0  0  0
  0  0  0  0
  0  0  0  0
  0  0  0  0
  0  0  0  0
  0  0  0  0
  0  0  0  0
  0  0  0  0
 86 40151192
102 35148255
 48203195255
 25255222255
 32249226255
 20213252255
 17218236255
111142224255
110142227255
103150230255
107149231255
102152239255
102153234255
 99163235255
100103182255
101109192255
105 79170255
107 55156255
 99 55150255
 93 16132255
 97  6128 42
  0  0  0  0
  0  0  0  0
  0  0  0  0
  0  0  0  0
  0  0  0  0
  0  0  0  0
  0  0  0  0
  0  0  0  0
  0  0  0  0
  0  0  0  0
  0  0  0  0
 99 49151194
109 40149255
 56196195255
 33254218255
 32242221255
 20217244255
 16225238255
107144232255
 99150229255
100151230255
102151230255
100151232255
100152227255
100159237255
102 96184255
104101192255
101 77165255
104 57153255
102 55153255
103 25127255
 96 13126 77
  0  0  0  0
  0  0  0  0
  0  0  0  0
  0  0  0  0
  0  0  0  0
  0  0  0  0
  0  0  0  0
  0  0  0  0
  0  0  0  0
  0  0  0  0
  0  0  0  0
 99 49151194
109 40149255
 56196195255
 33254218255
 32242221255
 20217244255
 16225238255
107144232255
 99150229255
100151230255
102151230255
100151232255
100152227255
100159237255
102 96184255
104101192255
101 77165255
104 57153255
102 55153255
103 25127255
 97 14125108
  0  0  0  0
  0  0  0  0
  0  0  0  0
  0  0  0  0
  0  0  0  0
  0  0  0  0
  0  0  0  0
  0  0  0  0
  0  0  0  0
  0  0  0  0
  0  0  0  0
 99 48151196
109 40149255
 56196195255
 33254218255
 32242221255
 20217244255
 16225238255
107144232255
 99150229255
100151230255
102151230255
100151232255
100152227255
100159237255
102 96184255
104101192255
101 77165255
104 57153255
102 55153255
103 25127255
 98 13127133
  0  0  0  0
  0  0  0  0
  0  0  0  0
  0  0  0  0
  0  0  0  0
  0  0  0  0
  0  0  0  0
  0  0  0  0
  0  0  0  0
  0  0  0  0
  0  0  0  0
 99 48151196
109 40149255
 56196195255
 33254218255
 32242221255
 20217244255
 16225238255
107144232255
 99150229255
100151230255
102151230255
100151232255
100152227255
100159237255
102 96184255
104101192255
101 77165255
104 57153255
102 55153255
103 25127255
 98 15126156
  0  0  0  0
  0  0  0  0
  0  0  0  0
  0  0  0  0
  0  0  0  0
  0  0  0  0
  0  0  0  0
  0  0  0  0
  0  0  0  0
  0  0  0  0
  0  0  0  0
 99 48151198
109 40149255
 56196195255
 33254218255
 32242221255
 20217244255
 16225238255
107144232255
 99150229255
100151230255
102151230255
100151232255
100152227255
100159237255
102 96184255
104101192255
101 77165255
104 57153255
102 55153255
103 25127255
 98 15127175
  0  0  0  0
  0  0  0  0
  0  0  0  0
  0  0  0  0
  0  0  0  0
  0  0  0  0
  0  0  0  0
  0  0  0  0
  0  0  0  0
  0  0  0  0
  0  0  0  0
 99 48151198
109 40149255
 56196195255
 33254218255
 32242221255
 20217244255
 16225238255
107144232255
 99150229255
100151230255
102151230255
100151232255
100152227255
100159237255
102 96184255
104101192255
101 77165255
104 57153255
102 55153255
103 25127255
 98 13126190
  0  0  0  0
  0  0  0  0
  0  0  0  0
  0  0  0  0
  0  0  0  0
  0  0  0  0
  0  0  0  0
  0  0  0  0
  0  0  0  0
  0  0  0  0
  0  0  0  0
 99 48150200
109 40149255
 56196195255
 33254218255
 32242221255
 20217244255
 16225238255
107144232255
 99150229255
100151230255
102151230255
100151232255
100152227255
100159237255
102 96184255
104101192255
101 77165255
104 57153255
102 55153255
103 25127255
 98 14126202
  0  0  0  0
  0  0  0  0
  0  0  0  0
  0  0  0  0
  0  0  0  0
  0  0  0  0
  0  0  0  0
  0  0  0  0
  0  0  0  0
  0  0  0  0
  0  0  0  0
 99 48150200
109 40149255
 56196195255
 33254218255
 32242221255
 20217244255
 16225238255
107144232255
 99150229255
100151230255
102151230255
100151232255
100152227255
100159237255
102 96184255
104101192255
101 77165255
104 57153255
102 55153255
103 25127255
 97 14126212
  0  0  0  0
  0  0  0  0
  0  0  0  0
  0  0  0  0
  0  0  0  0
  0  0  0  0
  0  0  0  0
  0  0  0  0
  0  0  0  0
  0  0  0  0
  0  0  0  0
 98 48150202
109 40149255
 57192193255
 28255222255
 40238221255
 23216239255
 23219253255
107146237255
104149228255
 96151233255
102147226255
 99152230255
 99152230255
101160236255
108 92190255
100105189255
101 78166255
102 57148255
102 55153255
103 25127255
 99 14126220
  0  0  0  0
  0  0  0  0
  0  0  0  0
  0  0  0  0
  0  0  0  0
  0  0  0  0
  0  0  0  0
  0  0  0  0
  0  0  0  0
  0  0  0  0
  0  0  0  0
 98 48150202
109 40149255
 56201196255
 26254213255
 32252232255
 15240252255
  3250249255
100164235255
110161240255
101171241255
102170241255
102168244255
100169246255
 96172247255
105110204255
110106200255
105 80174255
103 59157255
102 55153255
103 25127255
 98 14126226
  0  0  0  0
  0  0  0  0
  0  0  0  0
  0  0  0  0
  0  0  0  0
  0  0  0  0
  0  0  0  0
  0  0  0  0
  0  0  0  0
  0  0  0  0
  0  0  0  0
 99 48151204
109 40149255
 61190195255
 30255219255
 44189190255
 66 43133255
 60 65131255
 93 38129255
 78 42132255
 89 39138255
 82 43132255
 85 39130255
 83 37128255
 81 52134255
 80 27115255
 81 28118255
 94 45136255
103 64155255
102 55153255
103 25127255
 97 14126233
  0  0  0  0
  0  0  0  0
  0  0  0  0
  0  0  0  0
  0  0  0  0
  0  0  0  0
  0  0  0  0
  0  0  0  0
  0  0  0  0
  0  0  0  0
  0  0  0  0
 99 48151204
109 40149255
 63196203255
 26253216255
 52176174255
 86  0 92255
 73  0 90255
 81  0 86255
 75  8 87255
 72  0 95255
 72  2 98255
 82  5101255
 79  0 90255
 79  0 88255
 73  0 84255
 75  2 93255
 97 36132255
103 61159255
102 55153255
103 25127255
 98 14126237
  0  0  0  0
  0  0  0  0
  0  0  0  0
  0  0  0  0
  0  0  0  0
  0  0  0  0
  0  0  0  0
  0  0  0  0
  0  0  0  0
  0  0  0  0
  0  0  0  0
 99 48151206
109 40149255
 55196200255
 33255224255
 46177171255
 85  7 91255
 85  0 96255
 83 50141255
 75 46128255
 85 18113255
 75  3 89255
 80 14104255
 80 53134255
 85 47132255
 85 29118255
 81 27115255
 93 48139255
108 62160255
102 55153255
103 25127255
 98 14125242
  0  0  0  0
  0  0  0  0
  0  0  0  0
  0  0  0  0
  0  0  0  0
  0  0  0  0
  0  0  0  0
  0  0  0  0
  0  0  0  0
  0  0  0  0
  0  0  0  0
 99 48151206
109 40149255
 53194195255
 38255225255
 47177177255
 85  3 90255
 74  1 92255
107175255255
104181255255
 86 56142255
 73  0 89255
 90 45138255
106179248255
 98169247255
107110207255
110107198255
101 82174255
107 55156255
102 55153255
103 25127255
 98 14125244
  0  0  0  0
  0  0  0  0
  0  0  0  0
  0  0  0  0
  0  0  0  0
  0  0  0  0
  0  0  0  0
  0  0  0  0
  0  0  0  0
  0  0  0  0
  0  0  0  0
 99 48151208
109 40149255
 52198197255
 26255221255
 42177178255
 89  0 93255
 73  5 92255
101165239255
111175249255
 85 49136255
 78  5 87255
 86 33125255
102172241255
 97158238255
106 90189255
104105188255
 98 78163255
 96 60148255
102 55153255
103 25127255
 98 14126248
  0  0  0  0
  0  0  0  0
  0  0  0  0
  0  0  0  0
  0  0  0  0
  0  0  0  0
  0  0  0  0
  0  0  0  0
  0  0  0  0
  0  0  0  0
  0  0  0  0
 99 48151208
109 40149255
 52197198255
 40252222255
 54178176255
 78  4 93255
 74  4 94255
 77  6 98255
 83  5 93255
 70  5 97255
 74  0 95255
 87 37136255
101169240255
102161237255
 98 98188255
 94105185255
114 70168255
107 56159255
102 55153255
103 25127255
 98 14126248
  0  0  0  0
  0  0  0  0
  0  0  0  0
  0  0  0  0
  0  0  0  0
  0  0  0  0
  0  0  0  0
  0  0  0  0
  0  0  0  0
  0  0  0  0
  0  0  0  0
 98 47151210
109 40149255
 55195194255
 34254226255
 54168178255
 84  0 76255
 85  0 88255
 80  0 87255
 79  1 87255
 74  1 80255
 76  0 88255
 85 29118255
103166233255
 96158233255
100101184255
101103180255
107 74165255
102 59149255
102 55153255
103 25127255
 98 14126250
  0  0  0  0
  0  0  0  0
  0  0  0  0
  0  0  0  0
  0  0  0  0
  0  0  0  0
  0  0  0  0
  0  0  0  0
  0  0  0  0
  0  0  0  0
  0  0  0  0
 98 47151210
109 40149255
 60197197255
 27255219255
 37220207255
 45143190255
 37152191255
 91103189255
 91109193255
 93105191255
 86103183255
 93111193255
101159241255
 95160242255
101 87184255
104106193255
101 71169255
104 58156255
102 55153255
103 25127255
 98 14126253
  0  0  0  0
  0  0  0  0
  0  0  0  0
  0  0  0  0
  0  0  0  0
  0  0  0  0
  0  0  0  0
  0  0  0  0
  0  0  0  0
  0  0  0  0
  0  0  0  0
 99 48150212
109 40149255
 49199198255
 27254216255
 22250222255
 15236255255
  5250251255
104162244255
107164245255
103164245255
100166240255
104164236255
103160241255
113161245255
 98105193255
110105195255
 99 78173255
105 55154255
102 55153255
103 25127255
 98 14126253
  0  0  0  0
  0  0  0  0
  0  0  0  0
  0  0  0  0
  0  0  0  0
  0  0  0  0
  0  0  0  0
  0  0  0  0
  0  0  0  0
  0  0  0  0
  0  0  0  0
 99 48150212
109 40149255
 59192197255
 44254223255
 33226207255
 46153203255
 41167202255
 93113200255
 96112200255
 92114200255
 96109203255
 96117200255
 86111195255
 88121200255
 99 76164255
 97 71158255
 91 68156255
100 64151255
102 55153255
103 25127255
 98 14126255
  0  0  0  0
  0  0  0  0
  0  0  0  0
  0  0  0  0
  0  0  0  0
  0  0  0  0
  0  0  0  0
  0  0  0  0
  0  0  0  0
  0  0  0  0
  0  0  0  0
 99 48151214
109 40149255
 56195198255
 33255226255
 43170171255
 83  0 80255
 84  3 84255
 76  0 82255
 76  3 84255
 78  4 83255
 79  0 86255
 69  0 80255
 79  7 93255
 70  0 86255
 77  3 88255
 66  0 86255
101 33134255
107 61152255
102 55153255
103 25127255
 98 14126255
  0  0  0  0
  0  0  0  0
  0  0  0  0
  0  0  0  0
  0  0  0  0
  0  0  0  0
  0  0  0  0
  0  0  0  0
  0  0  0  0
  0  0  0  0
  0  0  0  0
 99 48151214
109 40149255
 59193194255
 26255225255
 56170178255
 82  2 75255
 80  1 84255
 80  0 83255
 76  5 85255
 78  0 75255
 76  2 81255
 73  0 76255
 72  2 88255
 78  0 89255
 80  7 88255
 77  4 93255
 98 31134255
102 65161255
102 55153255
103 25127255
 98 14126255
  0  0  0  0
  0  0  0  0
  0  0  0  0
  0  0  0  0
  0  0  0  0
  0  0  0  0
  0  0  0  0
  0  0  0  0
  0  0  0  0
  0  0  0  0
  0  0  0  0
 99 48151216
109 40149255
 54201191255
 27254217255
 43242227255
 21216230255
 16235249255
 97155236255
107148236255
101158239255
103158238255
105150233255
 98156238255
105169241255
 75  0 95255
 77  8 98255
 95 38135255
105 64160255
102 55153255
103 25127255
 98 14126255
  0  0  0  0
  0  0  0  0
  0  0  0  0
  0  0  0  0
  0  0  0  0
  0  0  0  0
  0  0  0  0
  0  0  0  0
  0  0  0  0
  0  0  0  0
  0  0  0  0
 99 48151216
109 40149255
 56198196255
 32255218255
 38240224255
 18218252255
  7230243255
110147236255
103155231255
 98152226255
 97153227255
 97154231255
100154240255
103170241255
 74  0 92255
 76  4 90255
 93 36130255
100 67160255
102 55153255
103 25127255
 98 14126255
  0  0  0  0
  0  0  0  0
  0  0  0  0
  0  0  0  0
  0  0  0  0
  0  0  0  0
  0  0  0  0
  0  0  0  0
  0  0  0  0
  0  0  0  0
  0  0  0  0
 99 48151218
109 40149255
 57197204255
 36249209255
 38241221255
 17216243255
 24226246255
102145221255
 97153228255
102150232255
 99151235255
102151230255
101149225255
106175253255
 75  0 82255
 79  3103255
 90 41135255
105 62154255
102 55153255
103 25127255
 98 14126255
  0  0  0  0
  0  0  0  0
  0  0  0  0
  0  0  0  0
  0  0  0  0
  0  0  0  0
  0  0  0  0
  0  0  0  0
  0  0  0  0
  0  0  0  0
  0  0  0  0
 99 48151218
109 40149255
 51195196255
 28255214255
 31244222255
 21216246255
 14224247255
104146228255
101149233255
102149237255
101151224255
 95153227255
 96153230255
100167246255
 75  4 84255
 74  4 94255
 95 36130255
110 63159255
102 55153255
103 25127255
 98 14126255
  0  0  0  0
  0  0  0  0
  0  0  0  0
  0  0  0  0
  0  0  0  0
  0  0  0  0
  0  0  0  0
  0  0  0  0
  0  0  0  0
  0  0  0  0
  0  0  0  0
 99 48151220
109 40149255
 60193197255
 32254213255
 30243221255
 20217243255
 11227247255
106143224255
108149229255
105150231255
104150227255
108150232255
 99156237255
106162249255
 81  6 98255
 78 19111255
 88 41135255
105 59157255
102 55153255
103 25127255
 98 14126255
  0  0  0  0
  0  0  0  0
  0  0  0  0
  0  0  0  0
  0  0  0  0
  0  0  0  0
  0  0  0  0
  0  0  0  0
  0  0  0  0
  0  0  0  0
  0  0  0  0
 99 48151220
109 40149255
 56198196255
 33255216255
 26247224255
 21217241255
 14222244255
107149233255
100156233255
 98149230255
103150230255
103152229255
 98150225255
103160241255
108107185255
 99115193255
106 81172255
100 59151255
102 55153255
103 25127255
 98 14126255
  0  0  0  0
  0  0  0  0
  0  0  0  0
  0  0  0  0
  0  0  0  0
  0  0  0  0
  0  0  0  0
  0  0  0  0
  0  0  0  0
  0  0  0  0
  0  0  0  0
 99 48152222
109 40149255
 48200193255
 40252220255
 28251228255
 20237250255
 14249255255
108169247255
109158237255
100172248255
 99168246255
105168245255
 93171241255
104175253255
109108201255
105110204255
102 82181255
 99 58160255
102 55153255
103 25127255
 98 14126255
  0  0  0  0
  0  0  0  0
  0  0  0  0
  0  0  0  0
  0  0  0  0
  0  0  0  0
  0  0  0  0
  0  0  0  0
  0  0  0  0
  0  0  0  0
  0  0  0  0
 99 48151224
109 40149255
 61192196255
 32252224255
 52177181255
 76  7100255
 74 11104255
 83  0104255
 76 13104255
 76  9106255
 82  8103255
 75 12105255
 79 12109255
 78  8106255
 80  1 94255
 70 12 99255
 96 40129255
102 66153255
102 55153255
103 25127255
 98 14126255
  0  0  0  0
  0  0  0  0
  0  0  0  0
  0  0  0  0
  0  0  0  0
  0  0  0  0
  0  0  0  0
  0  0  0  0
  0  0  0  0
  0  0  0  0
  0  0  0  0
 99 48151224
109 40149255
 59199200255
 25253225255
 52179178255
 79  0 82255
 85  3 90255
 71  6 92255
 75  2 83255
 79  0 86255
 72  0 88255
 76  3 94255
 80  0 93255
 80  6 93255
 81  2 93255
 73  0 91255
 90 31121255
109 60151255
102 55153255
103 25127255
 98 14126255
  0  0  0  0
  0  0  0  0
  0  0  0  0
  0  0  0  0
  0  0  0  0
  0  0  0  0
  0  0  0  0
  0  0  0  0
  0  0  0  0
  0  0  0  0
  0  0  0  0
 99 49151226
109 40149255
 52194190255
 36255229255
 45177174255
 83  5 91255
 80  5100255
 90 88171255
 88 91170255
 92 88175255
 94 93173255
 89 61145255
 79  3 95255
 69  3 92255
 94 59151255
 89 58152255
 96 59155255
105 61158255
102 55153255
103 25127255
 98 14126255
  0  0  0  0
  0  0  0  0
  0  0  0  0
  0  0  0  0
  0  0  0  0
  0  0  0  0
  0  0  0  0
  0  0  0  0
  0  0  0  0
  0  0  0  0
  0  0  0  0
 99 49151226
109 40149255
 61192194255
 32250223255
 41187182255
 81  0 90255
 80  3 83255
101173249255
105164255255
100165245255
106168249255
 89128203255
 81  0 89255
 73  3 91255
109109199255
112108205255
100 80169255
 96 62149255
102 55153255
103 25127255
 98 14126255
  0  0  0  0
  0  0  0  0
  0  0  0  0
  0  0  0  0
  0  0  0  0
  0  0  0  0
  0  0  0  0
  0  0  0  0
  0  0  0  0
  0  0  0  0
  0  0  0  0
 99 48150229
109 40149255
 55197193255
 25255224255
 45176180255
 83  1 88255
 79  3 93255
100138211255
102133215255
 95133208255
101137215255
 91 93178255
 81  0 97255
 74  0 91255
 96 95175255
 98 93177255
103 69156255
112 56155255
102 55153255
103 25127255
 98 14126255
  0  0  0  0
  0  0  0  0
  0  0  0  0
  0  0  0  0
  0  0  0  0
  0  0  0  0
  0  0  0  0
  0  0  0  0
  0  0  0  0
  0  0  0  0
  0  0  0  0
 99 48150229
109 40149255
 52199198255
 32250223255
 57179190255
 84  0 90255
 79  5102255
 71  6 92255
 75  0 80255
 80  0 80255
 73  5 88255
 72  0 90255
 80 11104255
 80  7 98255
 73  4 95255
 72  0 91255
 94 34130255
108 55163255
102 55153255
103 25127255
 98 14126255
  0  0  0  0
  0  0  0  0
  0  0  0  0
  0  0  0  0
  0  0  0  0
  0  0  0  0
  0  0  0  0
  0  0  0  0
  0  0  0  0
  0  0  0  0
  0  0  0  0
 99 47151231
109 40149255
 57195203255
 33255219255
 47166160255
 82  0 76255
 88  1 82255
 77  0 73255
 75  1 78255
 71  0 85255
 76  0 75255
 75  2 84255
 77  1 89255
 76  0 83255
 70  0 80255
 71  3 88255
 88 32119255
101 65155255
102 55153255
103 25127255
 98 14126255
  0  0  0  0
  0  0  0  0
  0  0  0  0
  0  0  0  0
  0  0  0  0
  0  0  0  0
  0  0  0  0
  0  0  0  0
  0  0  0  0
  0  0  0  0
  0  0  0  0
 99 47151231
109 40149255
 50194195255
 36255220255
 26244219255
 36193233255
 19205226255
100138221255
107145226255
 96142227255
 98140224255
101139220255
 99136216255
 97145219255
101 98185255
100 94180255
100 75166255
108 59153255
102 55153255
103 25127255
 98 14126255
  0  0  0  0
  0  0  0  0
  0  0  0  0
  0  0  0  0
  0  0  0  0
  0  0  0  0
  0  0  0  0
  0  0  0  0
  0  0  0  0
  0  0  0  0
  0  0  0  0
 98 48151233
109 40149255
 59192197255
 36255219255
 32246220255
 18240255255
  9242244255
109166247255
105160243255
101166250255
100167248255
 97165238255
104157235255
108165242255
 98102191255
103111196255
104 79171255
 99 60149255
102 55153255
103 25127255
 98 14126255
  0  0  0  0
  0  0  0  0
  0  0  0  0
  0  0  0  0
  0  0  0  0
  0  0  0  0
  0  0  0  0
  0  0  0  0
  0  0  0  0
  0  0  0  0
  0  0  0  0
 98 48151233
109 40149255
 57197198255
 32253220255
 40206202255
 46 99165255
 46123177255
 93 70161255
 80 82159255
 85 81158255
 87 75159255
 97 95179255
101160238255
106163242255
 91 44140255
 91 50142255
 96 54154255
110 59162255
102 55153255
103 25127255
 98 14126255
  0  0  0  0
  0  0  0  0
  0  0  0  0
  0  0  0  0
  0  0  0  0
  0  0  0  0
  0  0  0  0
  0  0  0  0
  0  0  0  0
  0  0  0  0
  0  0  0  0
 99 48151235
109 40149255
 52198195255
 32255219255
 49175172255
 90  0 78255
 82  0 87255
 81  0 85255
 79  1 89255
 81  0 92255
 77  0 85255
 82 33125255
 92168243255
107166242255
 70  2 87255
 71  3 80255
 94 38127255
103 62158255
102 55153255
103 25127255
 98 14126255
  0  0  0  0
  0  0  0  0
  0  0  0  0
  0  0  0  0
  0  0  0  0
  0  0  0  0
  0  0  0  0
  0  0  0  0
  0  0  0  0
  0  0  0  0
  0  0  0  0
 99 48151235
109 40149255
 53197195255
 36251228255
 50173178255
 78  9 90255
 74  9 95255
 74 10109255
 81 12105255
 80  5 97255
 79  0 93255
 81 38130255
 98168253255
108170253255
 75  1 90255
 73  4 84255
 99 39135255
104 64160255
102 55153255
103 25127255
 98 14126255
  0  0  0  0
  0  0  0  0
  0  0  0  0
  0  0  0  0
  0  0  0  0
  0  0  0  0
  0  0  0  0
  0  0  0  0
  0  0  0  0
  0  0  0  0
  0  0  0  0
 99 48151237
109 40149255
 57194192255
 34255220255
 25252233255
 11240253255
 14251251255
108169247255
101183255255
 85 57141255
 75  2 93255
 86 42131255
104165243255
 98172245255
 73  0 85255
 80 11 92255
 89 35131255
104 64160255
102 55153255
103 25127255
 98 14126255
  0  0  0  0
  0  0  0  0
  0  0  0  0
  0  0  0  0
  0  0  0  0
  0  0  0  0
  0  0  0  0
  0  0  0  0
  0  0  0  0
  0  0  0  0
  0  0  0  0
 99 48151237
109 40149255
 55200195255
 34250208255
 27255236255
 15241255255
 15250251255
114165246255
103178255255
 90 52139255
 75  0 90255
 81 48131255
114179247255
107187250255
 67  7 95255
 80  0 93255
 96 35138255
105 65162255
102 55153255
103 25127255
 98 14126255
  0  0  0  0
  0  0  0  0
  0  0  0  0
  0  0  0  0
  0  0  0  0
  0  0  0  0
  0  0  0  0
  0  0  0  0
  0  0  0  0
  0  0  0  0
  0  0  0  0
 99 48152239
109 40149255
 55195196255
 36255220255
 55179179255
 79  0 94255
 68 24101255
 84 20116255
 82 23117255
 74 12 99255
 76  7 97255
 83  9 98255
 81 22116255
 80 23118255
 77  2 94255
 83  4 98255
 91 39137255
102 67157255
102 55153255
103 25127255
 98 14126255
  0  0  0  0
  0  0  0  0
  0  0  0  0
  0  0  0  0
  0  0  0  0
  0  0  0  0
  0  0  0  0
  0  0  0  0
  0  0  0  0
  0  0  0  0
  0  0  0  0
 99 48152239
109 40149255
 55193201255
 30252221255
 49177172255
 80  0 82255
 81  2 86255
 72  0 87255
 71  0 82255
 84  0 91255
 73  0 90255
 75  3 89255
 76  0 88255
 76  0 92255
 75  7 92255
 69  0 86255
 97 36129255
105 63147255
102 55153255
103 25127255
 98 14126255
  0  0  0  0
  0  0  0  0
  0  0  0  0
  0  0  0  0
  0  0  0  0
  0  0  0  0
  0  0  0  0
  0  0  0  0
  0  0  0  0
  0  0  0  0
  0  0  0  0
 99 47151242
109 40149255
 63191202255
 22255219255
 39202193255
 58 85154255
 56102161255
 92 66157255
 82 70154255
 95 67154255
 91 66157255
 88 70154255
 91 67153255
 81 76156255
 90 49141255
 84 47140255
101 56151255
102 61153255
102 55153255
103 25127255
 98 14126255
  0  0  0  0
  0  0  0  0
  0  0  0  0
  0  0  0  0
  0  0  0  0
  0  0  0  0
  0  0  0  0
  0  0  0  0
  0  0  0  0
  0  0  0  0
  0  0  0  0
 99 47151242
109 40149255
 58199201255
 38251211255
 34251230255
 17228253255
 11240253255
113159242255
104161242255
100164235255
102164239255
104161240255
106162239255
100168239255
110104200255
106107197255
102 76173255
104 58159255
102 55153255
103 25127255
 98 14126255
  0  0  0  0
  0  0  0  0
  0  0  0  0
  0  0  0  0
  0  0  0  0
  0  0  0  0
  0  0  0  0
  0  0  0  0
  0  0  0  0
  0  0  0  0
  0  0  0  0
 99 48150244
109 40149255
 55195194255
 36254211255
 24244218255
 17220244255
 16222245255
108144230255
 99151234255
 96153230255
 96155229255
105147231255
102153232255
102158233255
 99 94186255
 99106187255
 99 79166255
110 56154255
102 55153255
103 25127255
 98 14126255
  0  0  0  0
  0  0  0  0
  0  0  0  0
  0  0  0  0
  0  0  0  0
  0  0  0  0
  0  0  0  0
  0  0  0  0
  0  0  0  0
  0  0  0  0
  0  0  0  0
 99 48150244
109 40149255
 56196195255
 33254218255
 32242221255
 20217244255
 16225238255
107144232255
 99150229255
100151230255
102151230255
100151232255
100152227255
100159237255
102 96184255
104101192255
101 77165255
104 57153255
102 55153255
103 25127255
 98 14126255
  0  0  0  0
  0  0  0  0
  0  0  0  0
  0  0  0  0
  0  0  0  0
  0  0  0  0
  0  0  0  0
  0  0  0  0
  0  0  0  0
  0  0  0  0
  0  0  0  0
100 48151246
109 40149255
 56196195255
 33254218255
 32242221255
 20217244255
 16225238255
107144232255
 99150229255
100151230255
102151230255
100151232255
100152227255
100159237255
102 96184255
104101192255
101 77165255
104 57153255
102 55153255
103 25127255
 98 14126255
  0  0  0  0
  0  0  0  0
  0  0  0  0
  0  0  0  0
  0  0  0  0
  0  0  0  0
  0  0  0  0
  0  0  0  0
  0  0  0  0
  0  0  0  0
  0  0  0  0
100 48151246
109 40149255
 56196195255
 33254218255
 32242221255
 20217244255
 16225238255
107144232255
 99150229255
100151230255
102151230255
100151232255
100152227255
100159237255
102 96184255
104101192255
101 77165255
104 57153255
102 55153255
103 25127255
 98 14126255
  0  0  0  0
  0  0  0  0
  0  0  0  0
  0  0  0  0
  0  0  0  0
  0  0  0  0
  0  0  0  0
  0  0  0  0
  0  0  0  0
  0  0  0  0
  0  0  0  0
 99 48151248
109 40149255
 56196195255
 33254218255
 32242221255
 20217244255
 16225238255
107144232255
 99150229255
100151230255
102151230255
100151232255
100152227255
100159237255
102 96184255
104101192255
101 77165255
104 57153255
102 55153255
103 25127255
 98 14126255
  0  0  0  0
  0  0  0  0
  0  0  0  0
  0  0  0  0
  0  0  0  0
  0  0  0  0
  0  0  0  0
  0  0  0  0
  0  0  0  0
  0  0  0  0
  0  0  0  0
 99 48151248
109 40149255
 56196195255
 33254218255
 32242221255
 20217244255
 16225238255
107144232255
 99150229255
100151230255
102151230255
100151232255
100152227255
100159237255
102 96184255
104101192255
101 77165255
104 57153255
102 55153255
103 25127255
 98 14126255
  0  0  0  0
  0  0  0  0
  0  0  0  0
  0  0  0  0
  0  0  0  0
  0  0  0  0
  0  0  0  0
  0  0  0  0
  0  0  0  0
  0  0  0  0
  0  0  0  0
 99 48151250
109 40149255
 56196195255
 33254218255
 32242221255
 20217244255
 16225238255
107144232255
 99150229255
100151230255
102151230255
100151232255
100152227255
100159237255
102 96184255
104101192255
101 77165255
104 57153255
102 55153255
103 25127255
 98 14126255
  0  0  0  0
  0  0  0  0
  0  0  0  0
  0  0  0  0
  0  0  0  0
  0  0  0  0
  0  0  0  0
  0  0  0  0
  0  0  0  0
  0  0  0  0
  0  0  0  0
 99 48151250
109 40149255
 56196195255
 33254218255
 32242221255
 20217244255
 16225238255
107144232255
 99150229255
100151230255
102151230255
100151232255
100152227255
100159237255
102 96184255
104101192255
101 77165255
104 57153255
102 55153255
103 25127255
 98 14126255
  0  0  0  0
  0  0  0  0
  0  0  0  0
  0  0  0  0
  0  0  0  0
  0  0  0  0
  0  0  0  0
  0  0  0  0
  0  0  0  0
  0  0  0  0
  0  0  0  0
 99 48151253
109 40149255
 56196195255
 33254218255
 32242221255
 20217244255
 16225238255
107144232255
 99150229255
100151230255
102151230255
100151232255
100152227255
100159237255
102 96184255
104101192255
101 77165255
104 57153255
102 55153255
103 25127255
 98 14126255
  0  0  0  0
  0  0  0  0
  0  0  0  0
  0  0  0  0
  0  0  0  0
  0  0  0  0
  0  0  0  0
  0  0  0  0
  0  0  0  0
  0  0  0  0
  0  0  0  0
 87 39151253
 98 34148255
 52202201255
 22255222255
 33252228255
 17217255255
 13220238255
107142223255
104146228255
105147231255
104150223255
 98155236255
101158239255
 98161240255
103100189255
101105194255
104 81171255
100 61154255
104 51155255
 96 13127255
 92  2116255
  0  0  0  0
  0  0  0  0
  0  0  0  0
  0  0  0  0
  0  0  0  0
  0  0  0  0
  0  0  0  0
  0  0  0  0
  0  0  0  0
  0  0  0  0
  0  0  0  0
147131168218
164141161255
107108162255
 79101160255
 77143177255
 29247230255
 39250225255
 46196238255
 30205244255
 80171236255
 99149234255
 99136224255
 99110192255
102119199255
103 67157255
101 70166255
101 47145255
107 30138255
109 50140255
152144159255
150126158218
  0  0  0  0
  0  0  0  0
  0  0  0  0
  0  0  0  0
  0  0  0  0
  0  0  0  0
  0  0  0  0
  0  0  0  0
  0  0  0  0
  0  0  0  0
  0  0  0  0
182182182  7
177180163208
120 78162255
 91 39147255
 88 98169255
 24255220255
 31255211255
 11229249255
 20238255255
 75176228255
106154230255
109141226255
 99 92185255
100104193255
102 59151255
105 58156255
 99 39137255
 95 18126255
115 45135255
170190164208
182182182  7
  0  0  0  0
  0  0  0  0
  0  0  0  0
  0  0  0  0
  0  0  0  0
  0  0  0  0
  0  0  0  0
  0  0  0  0
  0  0  0  0
  0  0  0  0
  0  0  0  0
  0  0  0  0
153153153  5
138108167192
127 84153255
104116164255
 50199201255
 54195199255
 38171212255
 40174219255
 86139217255
 99124204255
105120213255
104 78179255
103 92184255
102 51143255
106 44143255
115 63145255
124 68139255
131 88143192
153153153  5
  0  0  0  0
  0  0  0  0
  0  0  0  0
  0  0  0  0
  0  0  0  0
  0  0  0  0
  0  0  0  0
  0  0  0  0
  0  0  0  0
  0  0  0  0
  0  0  0  0
  0  0  0  0
  0  0  0  0
  0  0  0  0
128128128  2
184182175112
159125159255
108 37143255
 98 41144255
115 43143255
112 39144255
105 47149255
100 51135255
 92 57151255
102 48142255
103 62154255
102 21126255
100 16127255
142113157255
177191173131
170170170  3
  0  0  0  0
  0  0  0  0
  0  0  0  0
  0  0  0  0
  0  0  0  0
  0  0  0  0
  0  0  0  0
  0  0  0  0
  0  0  0  0
  0  0  0  0
  0  0  0  0
  0  0  0  0
  0  0  0  0
  0  0  0  0
  0  0  0  0
  0  0  0  0
  0  0  0  0
146146146  7
 94 37151 76
 96 41158186
 99 52148255
 92 47150255
 93 52148255
104 41150255
 91 48163255
100 50161255
 96 51156255
 92 15123218
 91 10120104
135105150 17
  0  0  0  0
  0  0  0  0
  0  0  0  0
  0  0  0  0
  0  0  0  0
  0  0  0  0
  0  0  0  0
  0  0  0  0
  0  0  0  0
  0  0  0  0
  0  0  0  0
  0  0  0  0
  0  0  0  0
  0  0  0  0
  0  0  0  0
  0  0  0  0
  0  0  0  0
  0  0  0  0
  0  0  0  0
  0  0  0  0
  0  0  0  0
  0  0  0  0
128255128  2
177177177 13
166166166 23
173181165 31
170181170 24
180165165 17
191191191  4
  0  0  0  0
  0  0  0  0
  0  0  0  0
  0  0  0  0
  0  0  0  0
  0  0  0  0
  0  0  0  0
  0  0  0  0
  0  0  0  0
  0  0  0  0
  0  0  0  0
  0  0  0  0
  0  0  0  0
  0  0  0  0
  0  0  0  0
  0  0  0  0
  0  0  0  0
  0  0  0  0
  0  0  0  0
  0  0  0  0
  0  0  0  0
  0  0  0  0
  0  0  0  0
  0  0  0  0
  0  0  0  0
  0  0  0  0
  0  0  0  0
  0  0  0  0
  0  0  0  0
  0  0  0  0
  0  0  0  0
  0  0  0  0
  0  0  0  0
  0  0  0  0
  0  0  0  0
  0  0  0  0
  0  0  0  0
  0  0  0  0
  0  0  0  0
  0  0  0  0
  0  0  0  0
  0  0  0  0
  0  0  0  0
  0  0  0  0
  0  0  0  0
  0  0  0  0
  0  0  0  0
  0  0  0  0
  0  0  0  0
  0  0  0  0
  0  0  0  0
  0  0  0  0
  0  0  0  0
  0  0  0  0
  0  0  0  0
  0  0  0  0
  0  0  0  0
  0  0  0  0
  0  0  0  0
  0  0  0  0
  0  0  0  0
  0  0  0  0
  0  0  0  0
  0  0  0  0
  0  0  0  0
  0  0  0  0
  0  0  0  0
  0  0  0  0
  0  0  0  0
  0  0  0  0
  0  0  0  0
  0  0  0  0
  0  0  0  0
  0  0  0  0
  0  0  0  0
  0  0  0  0
  0  0  0  0
  0  0  0  0
  0  0  0  0
  0  0  0  0
  0  0  0  0
  0  0  0  0
  0  0  0  0
  0  0  0  0
  0  0  0  0
  0  0  0  0
  0  0  0  0
  0  0  0  0
  0  0  0  0
  0  0  0  0
  0  0  0  0
  0  0  0  0
  0  0  0  0
  0  0  0  0
  0  0  0  0
  0  0  0  0
  0  0  0  0
  0  0  0  0
  0  0  0  0
  0  0  0  0
  0  0  0  0
  0  0  0  0
  0  0  0  0
  0  0  0  0
  0  0  0  0
  0  0  0  0
  0  0  0  0
  0  0  0  0
  0  0  0  0
  0  0  0  0
  0  0  0  0
  0  0  0  0
  0  0  0  0
  0  0  0  0
  0  0  0  0
  0  0  0  0
  0  0  0  0
  0  0  0  0
  0  0  0  0
  0  0  0  0
  0  0  0  0
  0  0  0  0
  0  0  0  0
  0  0  0  0
  0  0  0  0
  0  0  0  0
  0  0  0  0
  0  0  0  0
  0  0  0  0
  0  0  0  0
  0  0  0  0
  0  0  0  0
  0  0  0  0
  0  0  0  0
  0  0  0  0
  0  0  0  0
  0  0  0  0
  0  0  0  0
  0  0  0  0
  0  0  0  0
